Polystyrene, Sultanova (2009) 436 - 1052 nm
1 2 3 0 0 = columns for wave, Re(n), Im(n), eps1, eps2
wave (um)	Re(n)	Im(n)	eps1	eps2
1.052	1.57	0.0	2.47	0.0
1.0458	1.57	0.0	2.47	0.0
1.0397	1.57	0.0	2.47	0.0
1.0335	1.57	0.0	2.47	0.0
1.0274	1.57	0.0	2.47	0.0
1.0212	1.57	0.0	2.47	0.0
1.0151	1.57	0.0	2.47	0.0
1.0089	1.57	0.0	2.47	0.0
1.0028	1.57	0.0	2.47	0.0
0.9966	1.57	0.0	2.47	0.0
0.9905	1.57	0.0	2.47	0.0
0.9843	1.57	0.0	2.47	0.0
0.9782	1.57	0.0	2.47	0.0
0.972	1.57	0.0	2.48	0.0
0.9659	1.57	0.0	2.48	0.0
0.9597	1.57	0.0	2.48	0.0
0.9536	1.57	0.0	2.48	0.0
0.9474	1.57	0.0	2.48	0.0
0.9413	1.57	0.0	2.48	0.0
0.9351	1.57	0.0	2.48	0.0
0.929	1.57	0.0	2.48	0.0
0.9228	1.57	0.0	2.48	0.0
0.9167	1.57	0.0	2.48	0.0
0.9105	1.57	0.0	2.48	0.0
0.9044	1.57	0.0	2.48	0.0
0.8982	1.57	0.0	2.48	0.0
0.892	1.58	0.0	2.48	0.0
0.8859	1.58	0.0	2.48	0.0
0.8797	1.58	0.0	2.48	0.0
0.8736	1.58	0.0	2.48	0.0
0.8674	1.58	0.0	2.48	0.0
0.8613	1.58	0.0	2.48	0.0
0.8551	1.58	0.0	2.48	0.0
0.849	1.58	0.0	2.49	0.0
0.8428	1.58	0.0	2.49	0.0
0.8367	1.58	0.0	2.49	0.0
0.8305	1.58	0.0	2.49	0.0
0.8244	1.58	0.0	2.49	0.0
0.8182	1.58	0.0	2.49	0.0
0.8121	1.58	0.0	2.49	0.0
0.8059	1.58	0.0	2.49	0.0
0.7998	1.58	0.0	2.49	0.0
0.7936	1.58	0.0	2.49	0.0
0.7875	1.58	0.0	2.49	0.0
0.7813	1.58	0.0	2.49	0.0
0.7752	1.58	0.0	2.49	0.0
0.769	1.58	0.0	2.49	0.0
0.7629	1.58	0.0	2.5	0.0
0.7567	1.58	0.0	2.5	0.0
0.7506	1.58	0.0	2.5	0.0
0.7444	1.58	0.0	2.5	0.0
0.7382	1.58	0.0	2.5	0.0
0.7321	1.58	0.0	2.5	0.0
0.7259	1.58	0.0	2.5	0.0
0.7198	1.58	0.0	2.5	0.0
0.7136	1.58	0.0	2.5	0.0
0.7075	1.58	0.0	2.5	0.0
0.7013	1.58	0.0	2.51	0.0
0.6952	1.58	0.0	2.51	0.0
0.689	1.58	0.0	2.51	0.0
0.6829	1.58	0.0	2.51	0.0
0.6767	1.58	0.0	2.51	0.0
0.6706	1.58	0.0	2.51	0.0
0.6644	1.59	0.0	2.51	0.0
0.6583	1.59	0.0	2.51	0.0
0.6521	1.59	0.0	2.52	0.0
0.646	1.59	0.0	2.52	0.0
0.6398	1.59	0.0	2.52	0.0
0.6337	1.59	0.0	2.52	0.0
0.6275	1.59	0.0	2.52	0.0
0.6214	1.59	0.0	2.52	0.0
0.6152	1.59	0.0	2.52	0.0
0.6091	1.59	0.0	2.53	0.0
0.6029	1.59	0.0	2.53	0.0
0.5968	1.59	0.0	2.53	0.0
0.5906	1.59	0.0	2.53	0.0
0.5844	1.59	0.0	2.53	0.0
0.5783	1.59	0.0	2.54	0.0
0.5721	1.59	0.0	2.54	0.0
0.566	1.59	0.0	2.54	0.0
0.5598	1.59	0.0	2.54	0.0
0.5537	1.6	0.0	2.55	0.0
0.5475	1.6	0.0	2.55	0.0
0.5414	1.6	0.0	2.55	0.0
0.5352	1.6	0.0	2.55	0.0
0.5291	1.6	0.0	2.56	0.0
0.5229	1.6	0.0	2.56	0.0
0.5168	1.6	0.0	2.56	0.0
0.5106	1.6	0.0	2.56	0.0
0.5045	1.6	0.0	2.57	0.0
0.4983	1.6	0.0	2.57	0.0
0.4922	1.6	0.0	2.57	0.0
0.486	1.61	0.0	2.58	0.0
0.4799	1.61	0.0	2.58	0.0
0.4737	1.61	0.0	2.59	0.0
0.4676	1.61	0.0	2.59	0.0
0.4614	1.61	0.0	2.59	0.0
0.4553	1.61	0.0	2.6	0.0
0.4491	1.61	0.0	2.6	0.0
0.443	1.62	0.0	2.61	0.0
0.4368	1.62	0.0	2.61	0.0
